01100001
01100001
01100010
01100010
01100010
01100010
00011011
00011011
00011011
01100010
01100001
01100001
01100001
01100001
01100001
01100001
01100001
01100001
00011011
00011011
00011011
00011011
00011011
00011011
00011011
00011011
00011011
00011011
01100001
00011011
00011011
01100001
00011011
01100010
00011011
01100001
00011011
00011011
01100001
01100001
01100001
01100001
01100001
01100001
01100001
01100001
01100001
01100001
01100001
01100001
01100001
01100001
01100001
01100001
01100001
01100001
01100001
01100001
01100001
01100001
01100001
01100001
01100001
00011011






