01100001
01100010
01100010
01100011
01100011
01100011
01100100
01100100
01100100
01100100
01100101
01100101
01100101
01100101
01100101
01100001
01100110
01100110
01100110
01100110
01100110
01100110
01100111
01100111
01100111
01100111
01100111
01100111
01100111
00011011
01100111
00011011
00011011
01100111
00011011
00011011
00011011
01100111
00011011
00011011
00011011
00011011
01100111
00011011
00011011
00011011
00011011
00011011
01100111
00011011
00011011
00011011
00011011
00011011
00011011
01100111
00011011
00011011
00011011
00011011
00011011
00011011
00011011
01100111
